1.23887e+007 -1.83332e+007
-7.80606e+006 -3.86282e+007
-3.73215e+007 4.11989e+007
-2.10104e+007 2.76689e+007
3.64671e+007 6.02086e+006
-8.58279e+006 2.63159e+007
1.54956e+007 2.36099e+007
-4.04284e+007 1.54919e+007
8.50512e+006 3.03749e+007
-2.10104e+007 -7.38062e+007
-3.42146e+007 -6.70412e+007
2.17094e+007 3.17279e+007
1.00586e+007 3.17279e+007
-1.0913e+007 -2.37452e+007
2.94766e+007 2.76689e+007
-9.35951e+006 -5.62172e+007
2.09327e+007 1.27859e+007
2.94766e+007 -3.59222e+007
-2.87776e+007 4.79639e+007
3.49137e+007 -8.86216e+006
